1271673736795818
4261165539692279
5950015399956215
6220224734675667
6833140121192048
11686247875090090
13375097735354026
18042173756523219
15883040673054217
20586714188910327
24234623244157651
20411972153120426
21794015183977993
24071146850358954
30373798164365803
25734664857927177
32796871128389290
27231086000412885
47543771743715819
47034096357720787
35543587745678960
42367020336551594
50077046534111723
50358521510822379
41215788577013257
54633920728908499
59928670718984683
44832261977130608
51830436603793143
47084061790815856
49660037878332937
64713745323065835
60263420263121619
53800761440767735
52474787645439497
57178461161295607
52995036301739632
71187669787410923
56372736022267504
77943069228466667
75181594028786387
79068969135309291
61720760579769968
65904185439325943
61571033159112917
66505835183851120
63259883019376853
65793157809772757
75755809624198903
88129442957476563
97927792574923243
80340810339794441
81666784135122679
75644781994645717
82549908856358512
82831383833069168
77052156878198997
87577758646046455
90192434524667401
90955458366574327
91881284384931337
99787915585525418
95821934058880521
96384884012301833
121008740665197035
100888483639672329
103703233406778889
133675114617176555
106193806900053616
139023139174679019
139304614151389675
140430514058232299
146622963545866731
119141655828743792
121674930619139696
124250906706656777
126984255385538295
132413681031265801
137761705588768265
125184377895721173
146487429866798601
150103903266915952
150065203475812087
196162559446942187
168186334926214826
177919960528175827
162488802242184816
208547458422211051
182142085178835667
165303552009291376
152487450636654805
218962032560505323
173427626542796535
221776782327611883
222058257304322539
222902682234454507
225998906978271723
227687756838535659
178532875914692208
182716300774248183
183880900472194672
183560725704380151
240635605767225835
243450355534332395
191160550075567863
253864929672626667
225770706568987347
268220153484870123
224174523438939657
277508827716321771
231236729709401770
193864272213121237
208330523654917879
242659205171626707
245192479962022611
230929922879995401
242214253801117354
231211397856706057
232337297763548681
224976247071950448
234026147623812617
294960276272382443
258984753820844755
299745350876463595
224374597327425271
304811900457255403
252628827939411626
209626870908917973
211034245792471253
211878670722603221
243314821855264265
239049995907483248
313819099711996395
239011296116379383
318041224362656235
249425870254673655
330707598314635755
256782919440254576
289384051305595603
290228476235727571
267240194875670025
257307169602572023
338588897662534123
281902225517319850
294450600886387411
295013550839808723
260403394346389239
274558544270147081
342811022313193963
302331900234285779
269730768368944752
306554024884945619
297383349236405930
352099696544645611
360262470869254635
284648942134609520
294261792639893001
285454667273637623
373773269751366123
290802691831140087
263670066437363925
337797747299828435
298159741016721008
326375271837603498
300091366062591735
271269890808551637
307691190433779447
307972665410490103
390098818400584171
345960521624437459
390661768354005483
306041040364619376
349056746368254675
313602164944703223
397980117748482539
350182646275097299
350464121251807955
281121514993424597
338478695836161706
400513392538878443
403891092259406315
405298467142959595
345797045230638762
321764939269312247
348048845044324010
335357139239648777
367352619854447315
337045989099912713
422186965745598955
425564665466126827
360433744019592874
362122593879856810
379174568876294867
299135913502906581
344645813471100425
303639513130277077
304765413037119701
349912436940377847
436260714581131755
343195737290425968
352445711730773751
352727186707484407
437668089464685035
308706062711068885
390433567944721107
397188967385776851
315461462152124629
352202936545166960
353047361475298928
460749037554958827
321653911639759061
367445286584663561
376089609774468855
377496984658022135
416047790825390803
396462541038556842
375045110955851273
381156159355260663
399558765782374058
419988440499339987
333475860661606613
478200486111019499
381237560443485705
482422610761679339
383489360257170953
392133683446976247
392415158423686903
433217764404740819
405644482329087735
437439889055400659
493118659876684267
493681609830105579
350645834240956629
354586483914905813
501562909178003947
406007358394023433
409666533091261961
410510958021393929
424784780745412343
514792233083404779
404557282213348976
458831987285410515
408779406864008816
460802312122385107
418068081095460464
447302778882264823
430214206391139849
448147203812396791
432466006204825097
450961953579503351
477690810725024467
544628580614734315
478253760678445779
437251080808906249
474431109587408554
440065830576012809
478090284284647082
447947129923911177
463909802508193527
495823207817418410
460332028899180041
477983551343726327
478546501297147639
514564032674120403
581501802563830251
464835628526550537
483894525854650103
519067632301490899
467087428340235785
525260081789125331
526667456672678611
527793356579521235
421014578418620629
530608106346627795
498812699620314871
535111705973998291
603175375770550763
474363076437591664
530163154976118442
609367825258185195
480837000901936752
621471249256743403
514856773292822263
487029450389571184
488155350296413808
558755604017693395
629071073627931115
526397247337959159
638359747859382763
640048597719646699
454510100647188693
578740327364149971
579021802340860627
579866227270992595
583525401968231123
525915698472762889
526760123402894857
529856348146712073
658907421159260651
663973970740052459
666788720507159019
560455719519948535
602384225407845075
604917500198240979
469146799436142805
606606350058504915
557722370841067017
624902223544697555
603065173944178346
584099617563643639
605879923711284906
607287298594838186
552894594939864688
555990819683681904
641227772193915603
560494419311052400
618827772639975082
721957815942447595
608587940537470711
579114469071076873
653049721215763155
570346043495925360
731527965150609899
504331171524974805
589247568232660489
594595592790162953
744194339102589419
597410342557269513
597691817533980169
581605042564351600
642753145660380842
684574918607356627
599619441073833584
765304962355888619
690485893118280403
775438061517472235
624713415298203145
696959817582625491
674841293005395626
698085717489468115
616507939676472944
703433742046970579
679344892632766122
630905864785837577
631750289715969545
786697060585898475
786978535562609131
665727360809733879
666008835786444535
632876189622812169
622137439210686064
794015409980375531
548522742868547797
797674584677614059
716663065952371411
801333759374852587
718914865766056659
648638788318608905
650890588132294153
815970458163806699
728766489950929619
654549762829532681
656238612689796617
736366314322117331
828918307092496875
738618114135802579
571603690958821589
670875311478750729
710763357083438839
844399430811582955
753536287901467347
756913987621995219
686356435197836809
722303831128575735
853969580019745259
859880554530669035
861287929414222315
767891511713710803
592151364258699477
693674784592313865
866073004018303467
677025059669263984
596092013932648661
730748080429895415
873391353412780523
874517253319623147
682373084226766448
684906359017162352
756469036251485866
784780010316350163
763224435692541610
690535858551375472
890842801968841195
712815083008638473
693350608318482032
696728308039009904
896190826526343659
793224259617669843
752984603590037239
803357358779253459
757769678194118391
625083936533846229
807298008453202643
734488656215358985
739836680772861449
818838482498339539
819964382405182163
804882732245718698
729097930360735344
779724726377549559
808541906942957226
732475630081263216
956144996565713387
660268308622678229
746830853893506672
771080403187744265
773332203001429513
801961249537691383
967403995634139627
776428427745246729
668431082947287253
857400554307699411
779524652489063945
857963504261120723
972470545214931435
859933829098095315
784028252116434441
867252178492572371
764282302449567344
819694173070462711
791346601510911497
873726102956917459
876822327700734675
853014953263240874
824479247674543863
825323672604675831
797539050998545929
885548051978765011
835456771766259447
861459202564560554
895962626117059283
813020174717632009
814427549601185289
845026920974421751
791866850167211632
1026513740743377387
711778229360728277
1031861765300879851
855722970089426679
1043965189299438059
805659124026033776
723600178382575829
923828648811414227
838634397598301705
870078193901670135
870359668878380791
730355577823631573
1063386962692473323
906776673814976170
851582246526991881
913250598279321258
1072394161947214315
825080897419069040
944939272064713427
918035672883402410
1078305136458138091
827895647186175600
884151942737202935
1080275461295112683
1095475110037488107
1097163959897752043
845347095742236272
1098571334781305323
959575970853667539
875507619547397641
961546295690642131
1102793459431965163
880292694151478793
765539949912463573
766947324796016853
885922193685691913
908921740687740663
856887569787373168
971960869828936403
858013469694215792
773702724237072597
863080019275007600
980123644153545427
981531019037098707
922432539569852151
986034618664469203
924684339383537399
988004943501443795
1132348331986584043
970390018551584426
974049193248822954
977708367946061482
917728866053996041
1158525504820675051
918291816007417353
1159651404727517675
946920862543679223
928706390145711625
1173162203609629163
901923566061078128
1181324977934238187
960994611379212023
905019790804895344
1002478165896599210
907553065595291248
908116015548712560
946720788655193609
1042329614006600403
1015144539848578730
1199620851420430827
1046551738657260243
956290937863355913
921063864477402736
1214820500162806251
971209111629020681
995897508491333367
1072165961537929939
974023861396127241
943863337590965872
946396612381361776
1238182923229790699
1053988086634649258
988942035161792009
1088491510187147987
1095528384604914387
1015600756861079287
997667759439822345
863493241807771861
1020104356488449783
1259575021459800555
1022919106255556343
1108757708510315219
871937491109091541
1109602133440447187
1110165083393868499
1271959920435069419
873344865992644821
1029111555743190775
1031363355556876023
1278996794852835819
979610659633219184
980455084563351152
1119735232602030803
1121987032415716051
1021874607436938761
1288848419037708779
1090861308583745194
1289974318944551403
1291100218851394027
1136060781251248851
889951889618573525
1030318856738258441
1054444303647149815
1004943407537178224
1310521992244429291
1062044128018337527
1155764029620994771
1116475531464414890
1012824706885076592
1166460078735999699
1016202406605604464
1056777504549060105
1063814378966826505
1064095853943537161
1173496953153766099
1078651151644266231
1340076864799048171
1083999176201768695
1084843601131900663
1085125076108611319
1188415126919430867
1089628675735981815
1353869138657870315
1188978076872852179
932736086078593237
1364565187772875243
1194326101430354643
1042379579439695472
1083236152359861769
1196577901244039891
1098917349967433463
1366535512609849835
1085769427150257673
1089428601847496201
1092243351614602761
1093650726498156041
1112428148849544951
1112709623826255607
1101532025846054409
1117776173407047415
1216562624590496467
1120027973220732663
1068275277297075824
1112228074961059337
1129316647452184311
1228103098635633363
1115042824728165897
1115605774681587209
1403408734558945771
1081504601202476656
1405942009349341675
1234014073146557139
1086571150783268464
969609308027689173
1235984397983531731
1136716397934886409
1425082307765666283
1139812622678703625
1100644899618801264
1100926374595511920
1257939446166962899
1143753272352652809
1154649395356143351
1432400657160143339
1432682132136853995
1150227196816997897
1106555874129725040
1264976320584729299
1225124872474728106
1438874581624488427
1226532247358281386
1439719006554620395
1270605820118942419
1163093644657463031
1279894494350394067
1162330620815556105
1169004619168386807
1163737995699109385
1002823355279546581
1165708320536083977
1458577829994234347
1461674054738051563
1008734329790470357
1173589619883982345
1173871094860693001
1177248794581220873
1259746294610138794
1298753317790008019
1186255993835961865
1306071667184485075
1189070743603068425
1193574343230438921
1487851227572142571
1488695652502274539
1196670567974256137
1147932695706191472
1149621545566455408
1033222652764297429
1035192977601272021
1035474452577982677
1497702851757015531
1203988917368733193
1038007727368378581
1156095470030800496
1329434090251469523
1208773991972814345
1221358964836568823
1508680375848731115
1214122016530316809
1342381939180159699
1344352264017134291
1172421018680018544
1242751063066578679
1231573465086377481
1314070965115295402
1067281124946286805
1317730139812533930
1362648137503326931
1561597671470334443
1080791923828398293
1205916540908586608
1252402613362966025
1266676436086984439
1260846862664285705
1261409812617707017
1344188787623335594
1265068987314945545
1223930939418068592
1270979961825869321
1404587909033214675
1286379684456730359
1227027164161885808
1603818917976932843
1293979508827918071
1299890483338841847
1624648066253521387
1431890981774148307
1313401282220953335
1117665145777494229
1630840515741155819
1257426461646636656
1440898181028889299
1442024080935731923
1126390870055524565
1306727283868122633
1264744811041113712
1648291964297216491
1328037981009907447
1273189060342433392