-5246291245443330067
4266888871493738414
7967352488959452199
-2178114137021571159
4844325017356672774
1881334937640983805
2492839332428602739
-8356344219939566866
-8130407321969963767
1229625449385758430
2522175256816915893
7203005185647325996
-1091880336675730157
4720287713532240708
41870273027012525
2980560792115732244
2447085335763656468
-5794810498975756677
882520747981783603
41300650604099179
2062866516714279720
2138548773608803300
2111419398786957441
1764605056296690510
4059694745192938965
1360127130613786740
-3616848775585674848
5246463267772613472
4133172266796368509
-9086633622129010218
-7101805146998261927
5957344538428559222
-5613009222422606717
3106933514494934734
-8671678255824521270
4961116848682727425
-1982049427553093683
-6085948960963588189
-1475819583897611713
1530265559363707560
7094229057702880188
2882350464177262229
-4472509017972158190
1107241208291852723
3923170875201986084
1769580760477130981
4723089575165398126
-5634894991003694074
4442399621426103499
8958652120564660161
1189451156156153625
1496346814236633447
2765659674658253147
2435481524936059874
-1977556073990472230
1300589287180360270
1939924100583743735
3458883937984664811
416450306956747271
-8774037954451901962
7091307572434695042
7487727792041627399
3846108068441656486
5630176579010640444
1832155605501902768
553222899724848604
-9151016166178613341
-4295004397448939793
2142999490927838014
4448298673934944557
-9035645867753387331
-8830044460898239116
8712971416618801145
-1177513960625117070
8085253274499738528
63193238760175230
1221364591904426616
8946062677639616414
-7858594188228639546
-8929596466870141766
-7214801382057098966
-2683867449051265200
279487208481172446
2254343286740914129
2713129529719136467
1906870803020592767
8481887296247406980
-7895470869691297821
-8398306820446529869
2973943867223189703
8996441337469018798
8953628854491194659
4256847947397669589
415113639669118566
-6719693823020645698
2098942309989602941
2621182594354848532
233723809620713475
8132642062005797982
-911319816763125942
-4719661661931419383
6019035044443868052
4745983617447395770
5809411544348766152
4910424860645291581
3605756635866098241