1997478
166986053
227285091
307554235
382068951
603603934
638869831
641591156
667139934
804675123
835015794
936001890
938823899
968896297
986306783
1034939306
1082618923
1141328732
1146671079
1167572340
1193075910
1307358012
1338857619
1346252362
1351592100
1370673271
1397536146
1558827734
1574298050
1601990152
1653270899
1860950162
2016790942
2039953857
2113614962
2120629208
2152324433
2199885936
2339874820
2396729925
2411866488
2449849860
2493231572
2664987996
2669206326
2671259995
2691743547
2727115658
2770525272
2790222466
2848514456
2991218578
3080772346
3101292369
3101723366
3108351746
3159464960
3197757715
3242703931
3246920176
3334112393
3359871721
3413850092
3418234844
3420968836
3423770757
3530399905
3535863796
3561945251
3668542488
3700611165
3715525186
3742258921
3805152400
3825201910
3897150191
3955075584
3983467862
4185533488
4272227038
4309462184
4341249679
4357345145
4497072370
4576780450
4638738443
4699863859
4735867879
4788177775
4875267565
4888630993
4940619064
5046977362
5165908049
5250018571
5294438568
5304511779
5329379852
5500280818
5516548415
5540572588
5570995807
5577055397
5647186444
5738455983
5800485917
5880061965
5911453489
5919408629
5927480969
6033296781
6071260279
6084114400
6121757686
6144906178
6183612311
6215213311
6332597619
6355526591
6748547255
6785302273
6801113275
6838982051
6899357697
6917832985
6954760528
7106474764
7205683364
7231081278
7270175903
7315292936
7370880084
7446471546
7603025023
7618595514
7655102568
7803736859
7818170290
7837114452
7853338510
7866867017
7929427581
7941937538
8243371108
8251868194
8333131173
8445824180
8535923932
8649382689
8756056025
8759337889
8818244258
8883317102
8942210663
8983338108
8991516036
9100782612
9131249106
9142369706
9146745326
9213095078
9240370143
9347848604
9472399619
9572459503
9603504422
9622583633
9662099555
9710999532
9764332913
9833260474
9954406491
9968203052
9983242887
10141653333
10205903964
10264088017
10298674212
10319537744
10407703224
10412376876
10460844903
10472783088
10609307506
10795086538
10903447986
10948120966
10951445549
10959330925
11016489532
11119181705
11134077490
11194889447
11201585822
11273539925
11298461822
11313589106
11365447632
11370846462
11498180607
11606629951
11624161435
11650657394
11738610600
11769773686
11843397665
11961909167
12010549293
12075610533
12152266102
12219563915
12408178209
12528430330
12552123325
12612892300
12639967521
12721308885
12762059628
12789141190
12913673811
13033921839
13162504746
13296759549
13361017979
13385000427
13478657192
13506233596
13565955211
13572727814
13672310351
13704644681
13705273615
13732111603
13756128377
13803252014
13956512808
13994852727
14017293315
14032895976
14157989546
14250780202
14281772818
14378500316
14568199444
14572271710
14629686141
14804627334
14974274140
15020514958
15074024778
15090423322
15090887492
15175150605
15194567707
15231448383
15238396453
15238820958
15243378136
15265668201
15319786378
15328544444
15330972071
15338897395
15435717097
15524265067
15588811491
15608692079
15710329136
15908359543
15940974752
16013911713
16027749661
16081107870
16092095486
16126736088
16143875168
16274916362
16384584326
16416915747
16420048913
16429921348
16518965374
16537227516
16542408699
16722182086
16722302520
16736801239
16862552116
16884493389
16951545385
17001616981
17059327096
17061912118
17096242819
17151472910
17171148146
17269596082
17412856373
17417710969
17457059026
17552294597
17559136585
17569664459
17574636075
17711775028
17712781645
17738381545
17850823447
17856419120
17980709698
18033814354
18135315895
18160963282
18253243390
18277924331
18280856486
18325146140
18356662263
18393676712
18410810054
18431321550
18615378258
18670147632
18721212839
18771543273
18792935561
18815490723
18836538818
18865650798
18896030073
19113851742
19136972600
19182671537
19192976042
19227271952
19243874984
19276129379
19328506744
19635925828
19842556961
19863816207
19893396320
19899621804
19914519380
19950153454
19992022932
20030492798
20195658523
20196134120
20302499315
20348304190
20415517487
20445858304
20498737763
20564318552
20613302302
20644529256
20673321105
20702893100
20751750656
20766670734
20808455733
20859880889
20867377552
20895895799
20952617677
21003741876
21085932105
21120635980
21231485057
21286629197
21287154937
21316769384
21329439400
21339524109
21389773662
21406651462
21409998291
21411194659
21702154464
21831418550
21871072711
21896681174
22035632975
22272006378
22286131719
22291563347
22330827911
22346380793
22363745182
22418567982
22443874367
22497429703
22499450251
22660999056
22751757010
22760103956
22767782130
22786765654
22827517976
22896220127
22902701626
22926244818
22936095839
23223547643
23256923543
23269019825
23346037880
23366615381
23389838150
23451864803
23514019340
23514328519
23558742870
23566549082
23603978129
23696275253
23775607112
23911160435
23928955945
24014089031
24115084894
24117805467
24182344452
24233216818
24236181563
24366176628
24410502876
24421395333
24472711962
24497818750
24591124424
24600730357
24654429598
24708244242
24815314557
24837704531
24931250117
24962766227
24970124947
25012571632
25013039414
25094974135
25209038785
25258798340
25333239817
25338905616
25388286860
25435749316
25475096580
25525402447
25557043958
25557493146
25568478290
25646187748
25713674297
25722388285
25775768685
25882912962
25922623049
25960691220
26012470862
26466847441
26467411914
26481052883
26508042372
26625088157
26629331041
26644253237
26699388078
26742051647
26843085531
26892323343
26925296917
27154622068
27244788996
27403165988
27512000792
27524063763
27572009783
27708792883
27732755864
27785619179
28012889276
28121677777
28160668377
28247090617
28318499917
28358339617
28443298338
28482808832
28544710697
28576562184
28624899569
28766644442
28776537291
28859578469
28865337283
28878187090
29007025869
29061095182
29137281871
29187670850
29267136319
29284536092
29303385286
29384237138
29395149616
29438961957
29557825219
29596066443
29660441204
29776764541
29975569220
30015316783
30085156057
30092202999
30129074031
30154761865
30177916244
30244438012
30389471392
30409204912
30508955946
30513378396
30544814098
30723099714
30762448806
30791741823
30855197728
30885969172
30974430310
30990827426
31017153507
31019292741
31149674067
31177822173
31346427306
31418479841
31448682826
31465844460
31495548005
31514797465
31571364401
31642879920
31740872456
31761104446
31791651105
31829906905
31840857360
31984353075
32000052179
32054733319
32078059065
32150111756
32205865603
32241936957
32312507334
32316587993
32378490048
32399338078
32560453664
32619662726
32627920498
32687448176
32767784141
32807679174
32853702569
32866074184
33068221936
33069405487
33263374201
33301178639
33304450033
33316881447
33369088295
33401611087
33432525208
33441424469
33565689308
33781677299
33856789814
33942232010
33985630504
34108727708
34206008741
34213308824
34374949272
34376934963
34487711958
34504969001
34691725488
34719610745
34773500330
34798690809
34882642254
34886619483
34929665947
34954854628
35004883193
35017689429
35034145538
35104843086
35171468698
35255854857
35284839037
35304275914
35329065493
35378486122
35397801533
35446067811
35476576597
35498843093
35516628332
35527495656
35589514909
35603192750
35669252673
35764842464
35779811627
35863453008
36015394491
36098535793
36106900130
36126210120
36170608739
36292517885
36313878515
36330314871
36407456649
36448899908
36471528162
36562979238
36690133926
36769649014
36823226061
36824870973
36919629238
36973748535
36979221500
37003188920
37012749575
37096581116
37126816993
37186530771
37393211558
37394333899
37425264221
37610374997
37756821918
37893739349
37911654863
38010781507
38049003613
38158254988
38199467752
38207394292
38220423371
38324785624
38368462342
38378581586
38487585754
38501751785
38506447692
38544750661
38546789829
38639590771
38676579295
38678570542
38700622159
38762728059
38926207245
38967063976
38999951677
39001008016
39019858374
39027804631
39032313704
39126036620
39197956460
39333854730
39348126135
39358487390
39363612590
39470932699
39546777205
39624747325
39650587206
39711602765
39823454250
39896190662
39942291602
40002476768
40030329917
40030788573
40044955625
40121179741
40146715461
40195042825
40312055659
40479808425
40609381802
40635291721
40656119358
40690874500
40779005480
40849488912
40957047864
41045252602
41052445627
41089832383
41150989131
41158356351
41268063549
41288169154
41383933371
41410119856
41479887865
41521378039
41565268676
41581154699
41663478929
41674768901
41691535268
41703247102
41712999311
41746107368
41879427318
41917721172
41939808779
41993813743
42032822049
42070427990
42133330319
42148340574
42222603726
42478178832
42533345051
42686126239
42717976158
42750015222
42779813233
42866254510
42890215271
43017897892
43109590149
43172179733
43196133977
43250456763
43253384202
43276709326
43325063807
43328665442
43363720403
43375212890
43517520483
43791069398
43836453414
43881224496
43924853524
44352718697
44353013788
44406268273
44458026169
44497968574
44511832641
44625319243
44725066788
44739539626
44749937679
44793232868
44963637708
44974403556
45153009118
45164411918
45220793294
45261811434
45293959480
45317143176
45344058265
45353401707
45354919183
45411783097
45654610324
45659136865
45677046306
45703554722
45709593877
45709821827
45795694985
45821339316
45993858148
46032468837
46051759365
46194297932
46211556190
46213378458
46415003510
46535913996
46621408514
46753330009
46774132022
46884410890
46893341507
46908249880
46915684485
46923716238
46926020367
46930804678
47101863595
47131056565
47156788132
47219243150
47240832924
47298968642
47394186091
47455823205
47470453390
47505342440
47573452328
47581745383
47624266231
47768256597
47780190705
47802560489
47809453766
47816955760
47880168711
47888438556
47893246499
48080035821
48132599455
48219905178
48445687262
48468874281
48544300811
48771703180
48826298944
48870735219
49032621415
49072064718
49363056680
49481390717
49576806086
49651909723
49687341163
49803960023
49875818722
49920073162
49934738189
49998657256
50003551233
50131681442
50143396778
50223497401
50253835677
50312304234
50345073826
50367737387
50418897230
50461424825
50472746258
50497755995
50582166231
50643174613
50697586587
50754471713
50801247463
50855173945
50902701610
50961737423
51029663396
51102049499
51192120587
51361400611
51479006355
51539046110
51565814177
51605924995
51611533818
51725389117
51751986642
51755026508
51776328311
51787167719
51814950276
51829134502
51882924048
51939386866
51941122657
51944979069
51981057192
52045446108
52195706777
52224673947
52289142834
52462332363
52477757485
52485903856
52553653860
52607474602
52624484885
52678669918
52711621594
52727692232
52778366236
52813646942
52912433993
52955412562
53022139277
53044927141
53085460907
53137980332
53170326917
53220934116
53234027361
53290620492
53293368530
53390044212
53517655504
53538687679
53575225958
53602181016
53613141822
53663195577
53728194350
53815211726
53866373629
53920182912
53940990903
53976767254
53981024188
54086472155
54111119260
54142189594
54171914382
54245444324
54254251299
54334696016
54353488332
54363524654
54404091244
54453165590
54471834741
54503058533
54636563982
54847442238
54868605086
54904442597
54913631083
54947847341
55069777516
55072347706
55089275893
55124851218
55131269633
55135695612
55191695812
55330561537
55354853927
55384680463
55408665688
55484456569
55490157264
55510212936
55515265816
55529099201
55532266262
55550780167
55565565586
55601677910
55638641659
55684898333
55692230568
55780566486
55831396594
55864214243
55893483139
55894756516
55915202602
55969265495
55998328457
56045943238
56104804116
56186920308
56282437353
56289362492
56289608558
56376962850
56383016157
56393432706
56404521251
56490192344
56490599427
56551132350
56584233967
56894101988
56903466424
57012460399
57145627875
57150061868
57160073494
57194600627
57264611850
57317357593
57385727077
57404436645
57428125688
57723433335
57834056323
57929705136
57932102983
57943432023
58083859506
58084363456
58256199514
58389233596
58411482620
58494420766
58532741928
58606282483
58695087021
58793646805
58859394480
58942837528
58947165166
59029671363
59172139914
59196365286
59197231350
59229487477
59237070234
59273270491
59352759101
59400250309
59413923714
59426420295
59532500323
59594591049
59602108667
59699213293
59707773840
59823872704
59824216312
59876576486
59941687085
59958768156
60066626603
60074551494
60123433263
60138400589
60141899282
60187743609
60205151082

