-5246291245443330067
4266888871493738414
7967352488959452199
-2178114137021571159
4844325017356672774
1881334937640983805
2492839332428602739
-8356344219939566866
-8130407321969963767
1229625449385758430
2522175256816915893
7203005185647325996
-1091880336675730157
4720287713532240708
41870273027012525
2980560792115732244
2447085335763656468
-5794810498975756677
882520747981783603
41300650604099179
2062866516714279720
2138548773608803300
2111419398786957441
1764605056296690510
4059694745192938965
1360127130613786740
-3616848775585674848
5246463267772613472
4133172266796368509
-9086633622129010218
-7101805146998261927
5957344538428559222
-5613009222422606717
3106933514494934734
-8671678255824521270
4961116848682727425
-1982049427553093683
-6085948960963588189
-1475819583897611713
1530265559363707560
7094229057702880188
2882350464177262229
-4472509017972158190
1107241208291852723
3923170875201986084
1769580760477130981
4723089575165398126
-5634894991003694074
4442399621426103499
8958652120564660161
1189451156156153625
1496346814236633447
2765659674658253147
2435481524936059874
-1977556073990472230
1300589287180360270
1939924100583743735
3458883937984664811
416450306956747271
-8774037954451901962
7091307572434695042
7487727792041627399
3846108068441656486
5630176579010640444
1832155605501902768
553222899724848604
-9151016166178613341
-4295004397448939793
2142999490927838014
4448298673934944557
-9035645867753387331
-8830044460898239116
8712971416618801145
-1177513960625117070
8085253274499738528
63193238760175230
1221364591904426616
8946062677639616414
-7858594188228639546
-8929596466870141766
-7214801382057098966
-2683867449051265200
279487208481172446
2254343286740914129
2713129529719136467
1906870803020592767
8481887296247406980
-7895470869691297821
-8398306820446529869
2973943867223189703
8996441337469018798
8953628854491194659
4256847947397669589
415113639669118566
-6719693823020645698
2098942309989602941
2621182594354848532
233723809620713475
8132642062005797982
-911319816763125942
-4719661661931419383
6019035044443868052
4745983617447395770
5809411544348766152
4910424860645291581
3605756635866098241
-5118237755311332833
3302342176728386549
1661181140116612462
2094258769118587239
117039199638245714
-8974691114274974022
4732498197013758124
8849561116078227780
735175391898436315
6300361678618496241
1807077270182915208
5022886558592518749
6668071136597560312
-8656920871529708909
5428433507985533695
1744408001269452222
-1175429410517531668
2957173955999715310
6820239126286814111
-8616930190498681172
-8321899825775705748
3520898169458358046
4151533395256596180
4151533395256596180
3217708398332982701
-8750989859393628443
2884848260663007157
811993504458640484
2887295660513502020
5350208018488268418
5981391223665052439
2277193853169312721
-5420744929046203035
5555862386940671449
4926468440788402943
-1460143844593701998
7988879634183463572
294502685213721718
5119180701756983322
1941660605176389620
2010277416604773718
1669505565115662627
6297761617065676059
3240530329360487731
2782987199394652845
2043087099440344827
1568887558343330536
-8464480043801627000
8698576263555417034
-4663640146795184297
134276153188558864
1197575053457602137
7472296997819244182
288931113768642970
6289204749965418031
5967420011245186310
-1733744400572696453
-370849836433154999
990233540731267663
1472967191468252964
1866201039710882513
7368588589358865872
-3916919609495059839
-3916919609495059839
-3055819208114733592
3260380100477849816
-3188467524026535811
6376645980691016119
2086284823949484092
-8796968728319596324
9021478803534979769
597173129607621103
-5514076113515471132
-8755276261541008576
-3813855664702703638
-2566993891046352534
2942246149089231149
713434765611358196
1638643142786214974
2789078740709221443
4809424790885340172
5656393113835347331
702367646755223256
6000802882452990097
3506578731370588312
1951344822505713716
137395292626666801
4478309945333115927
3146757406029581486
3943604345944192400
1794703176618025109
-3018159066870838948
8488223051587336177
5989970014930408803
1180721553546813138
305828001315784916
5586072459387989324
-6812723569366308710
866448591132918467
5292104807180951071
2380945853147116541
5528864733122691167
4701740896365608831
-8069237483708886936
482112086915018718
2028511274544062509
-8438292261744660508
350076604668144605
841252697484805472
187666773613613029
-5198701106466765588
2585603486702753146
-2173218857618860105
7544367643509416035
-2011900167199277171
-5850312608328391319
5692763537573067269
2547440320708338450
3922280757181915169
-7968629378398180933
3011036468149431344
1157279232053414589
4596164312962998180
-4944124482252766484
-8688800036133681865
-4105531385490048996
676882104624033794
2080974897827729082
6027906240620879737
1660311550307483556
5660957519486398099
5294809282167665292
87618221539974663
1792102519459656444
1830235503398460204
4487940076470122198
2241805476143979454
-3848533415875223563
3810988410210774488
3325052839059467174
3325052839059467174
3325052839059467174
3021576750861762907
3141912799990519344
7810657833045847021
3853705612739830018
-4801877635459609089
8906995251483953328
8906995251483953328
8906995251483953328
8906995251483953328
-6820917569750302058
-6820917569750302058
2044679253267790566
2044679253267790566
2044679253267790566
2044679253267790566
2044679253267790566
265403926372909095
2916130641909634810
1088505988644599666
-4228397550482118293
1533684291748621572
-524806432543348411
-6235141183807233832
