-8904460888192219828
-8835218043952179993
-8744020151506570620
-8483374323069073308
-7441353959263988920
-7345089517260768991
-7079940089174509785
-5602196461406971307
-5108489352286326081
-5099763628002942622
-4929471267098416784
-4450963806690233665
-4441675132458782017
-4019744142369508673
-3733765566000768544
-2869355912539044532
-2710885500697796866
-1541919922392352985
-1478588052625452216
-1056657062547816045
-704531866671402305
-353814045706693401
-270497452578217630
213920982311556354
620089373722195751
1670553986842958421
2299932034726756755
3806949060046924144
3977522895933649599
4558205772901869510
4580723771034351816
5991757829258335463
6291528679469465299
7253047199928268554
7469782931982699771
7897061946622292128
8103383104551696167
8213439820440928659
9083197498474413440
