100015717
100016216
100023628
100035604
100040315
100040917
100044731
100049909
100050409
100051738
100052399
100086398
100093711
100093604
100101627
100100437
100104793
100189566
100184909
100262620
100436663
100589634
100589025
100601651
100685735
100690306
100701503
100776569
100782106
100792852
100799395
100864668
100893269
100981568
100994160
101046293
101046013
101059735
101063102
101092158
101114760
101155678
101182675
101208187
101254061
101260033
101338176
101369702
101428626
101435656
101440393
101495712
101556301
101561283
101564421
101688022
101701169
101819267
101819318
101950212
102041519
102078808
102091839
102150858
102231147
102276137
102325778
102352451
102410224
102442765
102569601
102604353
102644729
102667831
102671669
102733308
102748730
102840809
102851920
102944361
103068003
103127751
103204336
103245686
103266832
103308241
103316481
103328548
103349113
103365118
103415308
103441759
103462287
103576912
103652845
103686544
103699906
103711115
103759957
103828790
103885642
103924328
103932995
103937489
103957060
103993257
104024713
104130212
104178889
104193888
104325738
104326625
104348336
104355376
104365659
104405053
104504811
104535641
104571608
104683265
104710480
104739629
104807434
104885108
104903065
104961423
104995752
105054040
105140031
105138295
105158001
105214442
105213935
105345946
105368939
105395233
105440045
105450941
105474837
105494209
105523487
105528299
105655448
105660252
105719353
105862767
105904093
105991743
106010745
106094192
106138941
105992199
106281364
106307602
106394331
106406119
106427515
106498834
106517076
106575264
106606289
106617807
106650021
106715273
106725419
106737369
106740089
106768343
106811200
106838946
106880927
106921660
107022809
107051287
107117982
107133470
107133059
107265888
107300845
107309969
107308126
107369406
107398951
107406811
107464949
107527012
107544564
107725567
107818462
107900067
107911861
107922123
107927947
107943209
107983774
108035647
108093548
108126859
108135671
108146511
108152526
108208530
108282170
108149483
108289235
108347697
108367419
108449859
108485892
108513047
108577652
108688395
108764769
108787333
108807018
108917714
108939459
108983411
109000842
109043803
109061636
109109587
109135056
109172390
109234763
109262399
109285623
109355953
109364349
109388532
109484103
109519114
109591329
109612460
109630857
109639292
109668365
109682675
109785506
109928527
109944392
109989390
110089501
110096595
110108620
110121321
110211675
110277734
110386399
110434442
110441903
110456616
110677183
110696568
110844491
110912574
110926159
110939211
110974324
110976771
110981793
110988942
111021334
111046368
111051662
111072315
111081996
111098000
111153874
111159704
111177361
111183072
111270141
111369661
111391201
111402018
111427361
111433651
111444473
111454857
111483625
111516687
111552781
111613967
111622986
111687071
111742756
111755340
111987730
112031336
112054031
112113588
112117770
112158176
112223115
112231973
112254988
112289279
112410873
112444590
112522205
112578024
112575448
112589918
112635443
112655148
112663354
112815039
112815730
112830748
112883020
112978253
113013660
113024487
113062669
113093036
113115590
113138480
113190003
113203095
113207128
113239854
113249273
113260839
113260327
113267099
113271392
113281143
113293662
113429449
113432469
113455652
113468366
113467801
113472863
113496923
113505375
113524792
113560169
113565637
113908519
113938379
113971996
113982635
113981469
114032530
114100887
114193699
114210117
114229831
114316670
114470727
114486084
114487284
114505147
114540746
114566767
114642030
114656682
114759904
114768091
114798331
114812257
115036148
115048035
115052355
115072768
115174008
115177006
115190206
115187772
115338364
115375781
115391182
115433607
115477662
115534373
115585278
115589011
115599008
115618150
115633121
115641692
115659566
115675203
115686636
115736946
115742096
115822571
115834917
115889303
115901996
115906186
115907739
115954215
115971594
115979349
116013806
116025323
116148838
116160529
116184672
116194541
116148871
116211419
116210550
116268232
116268473
116328500
116345788
116485281
116631213
116667424
116670699
116694721
116729943
116744894
116752600
116758275
116773182
116785949
116852751
116754451
116863588
116886434
116899021
116903949
116921551
116924279
116945369
116992303
117028625
117038247
117050133
117097501
117098416
117102888
117128799
117170807
117168361
117227209
117289965
117442828
117439209
117457878
117470368
117484718
117532315
117566499
117579383
117612575
117712471
117732710
117838077
117869651
117904631
117932567
117961621
117967765
118004294
118041230
118101296
118105754
118133629
118225381
118267483
118311459
118319216
118327794
118332188
118380104
118410047
118441566
118482609
118534588
118561027
118573611
118594328
118609118
118676546
118706968
118781399
118799542
118852677
118847956
118880199
118974424
118978985
118991359
119003822
119023049
119052158
119070140
119111564
119154306
119170492
119194971
119220338
119352362
119360348
119400644
119408530
119477447
119476558
119486395
119535884
119676264
119746084
119843143
119538421
119872977
119878656
119961153
120027189
120109733
120157229
120168118
120177591
120192826
120187908
120201127
120221095
120265119
120274759
120288975
120221752
120288080
120296126
120311109
120319814
120285597
120360873
120375306
120378547
120393590
120362466
120397105
120400516
120470826
120518381
120562843
120648053
120660936
120720643
120797234
120849070
120918264
120930965
120969867
121029194
121056993
121081813
121094364
121117470
121131324
121168223
121346286
121355249
121409840
121567226
121639147
121655697
121695387
121693262
121775192
121805832
121855400
121994116
122008567
122022294
122044575
122065242
122152884
122294614
122353558
122356421
122422492
122540641
122634818
122635871
122674535
122707380
122634821
122864214
122868348
122883376
122903023
122867959
122948196
123063278
123099729
123123845
123160584
123188841
123231595
123313453
123378256
123392566
123426134
123451570
123491683
123736406
123750289
123788880
123813605
123894885
123908834
123973164
123978985
123981993
124026105
124067430
124168400
124184784
124196550
124213412
124233984
124305164
124372599
124421560
124590684
124626077
124734463
124743998
124786029
124799777
124802005
124856690
124900235
124921940
125042406
125108351
125124670
125149965
125157042
125165142
125194288
125268850
125340346
125342822
125350998
125357300
125375711
125389582
125461721
125469626
125475108
125508051
125546900
125664826
125667116
125678757
125772943
125796233
125831223
125883494
125899062
125911297
125932536
125940749
126041495
126077110
126160536
126171760
126257395
126337443
126425398
126457283
126469083
126500568
126503071
126631866
126712747
126749753
126843797
127048836
127077894
127099221
127121019
127048849
127132469
127165723
127181896
127189841
127227825
127241427
127245134
127312993
127339514
127373519
127392898
127410654
127422768
127445633
127527195
127541822
127576887
127591281
127613548
127666576
127860865
127872424
128019071
128139601
128273030
128292114
128019104
128321105
128346893
128389904
128640075
128651702
128712106
128711025
128722273
128814010
128713122
128900284
128947267
128994240
129030369
129100449
129109586
129170821
129196161
129290048
129301024
129335339
129391090
129446209
129457570
129333371
129501019
129547141
129614677
129941977
129990108
130023591
130071635
130164143
130175995
130020100
130268106
130271197
130337367
130352050
130354566
130400833
130410541
130428688
130455498
130397591
130473314
130528659
130579620
130594510
130600256
130711568
130834608
130873557
131092837
131113312
131118724
131145202
131152940
131180795
131366979
131498685
131550553
131561526
131571898
131584306
131626701
131664694
131711975
131735510
131741921
131659850
131743894
131768239
131764769
131854292
132087525
132135107
132149941
132183739
132311712
132370073
132514749
132538099
132633573
132663665
132790997
132809265
132905464
132915761
133062214
133082638
133091152
133201294
133301314
133319710
133355956
133382274
133468615
133516274
133581926
133586272
133615007
133626286
133628326
133710101
133720552
133754834
133769715
133786146
133953657
133990515
133997032
133998326
134035987
134086775
134133001
134195730
134209414
134235559
134242094
134300418
134307056
134307582
134317439
134321601
134376275
134419055
134451722
134459390
134474165
134537605
134607758
134674417
134870276
134915799
134921705
135021724
135047495
135067099
135082402
135114599
135177775
135240234
135270055
135350114
135177809
135358041
135452717
135500434
135512629
135514859
135575752
135634481
135684646
135876495
135888772
135936256
135957479
136021705
136016447
136038980
136051383
136211779
136217725
136347188
136381623
136401489
136462455
136512439
136519824
136540062
136576249
136578318
136578343
136618917
136682005
136741279
136852678
136851546
136856127
136868005
136873252
136897159
136943766
136969650
137007711
137016253
137163845
137240420
137285665
137329524
137353258
137373564
137369767
137408571
137449629
137452800
137545826
137582439
137615638
137719103
137739188
137815705
137885523
137914205
137994829
137997784
138044690
138053212
138097580
138149598
138151397
138276225
138296260
138309931
138335199
138337260
138513246
138541755
138610930
138727086
138791905
138800927
138959667
138987051
138986558
139030717
139028653
139120558
139163717
139193479
139199898
139215092
139325906
139357211
139199923
139386686
139468441
139467119
139463144
139472297
139576898
139637599
139702453
139862864
139870920
139875082
139901835
139907024
139997886
140025921
140047699
140068118
140082937
140156233
140238369
140294192
140301069
140369038
140399818
140398944
140420393
140440172
140447809
140522899
140696758
140703570
140765607
140833363
140884466
140892477
140904439
140911231
140956742
140952163
141010480
141067353
141116156
141262396
141306307
141336875
141336981
141361011
141391850
141464564
141499692
141499859
141599436
141610286
141612686
141661420
141716068
141754608
141789404
141791259
141892354
141981290
141983817
142000587
142021351
142054478
142099269
142214766
142226137
142316429
142335380
142381289
142443410
142453534
142471060
142524574
142561768
142568855
142608144
142641011
142643860
142657270
142667838
142670154
142727455
142801156
142805599
142814646
142821297
142833992
142912848
142965081
143024413
143032407
143075870
143119716
143132705
143318519
143361303
143423119
143427106
143455975
143519167
143715185
143820801
143817438
143830874
143834125
143893693
143898974
143994608
144023965
144044774
144124201
144132510
144157486
144167709
144264274
144267502
144317249
144349653
144434161
144434888
144501294
144603496
144624871
144650984
144653978
144660515
144673387
144677433
144715807
144729893
144788255
144800966
144801845
144891548
144905140
144916417
144928910
144945809
144989226
145035393
145045706
145170575
145203208
145204792
145211297
145209952
145301054
145300840
145335719
145359818
145364854
145470734
145475380
145581007
145584952
145686719
145699269
145701151
145778079
145954446
146129187
146178346
146226157
146241883
146267336
146285008
146283894
146291259
146310865
146336014
146352081
146360366
146392035
146444224
146467922
146486889
146554858
146581349
146605346
146613706
146795008
146798943
146803179
146802148
146849058
146910452
146932067
147008351
147122055
147176460
147227562
147243494
147279696
147288952
147292092
147314603
147336511
147334323
147366860
147370402
147431371
147452184
147461028
147549943
147549528
147578215
147664807
147672525
147698163
147707927
147778534
147800856
147817135
147826490
147846829
147871107
147914143
147822600
147928211
148067553
148320970
148355564
148371754
148433820
148440940
148450421
148491391
148558967
148636174
148673251
148702677
148759535
148760834
148766835
148776105
148826578
148854439
148874000
148917798
148995584
149003753
149003470
149057557
149097177
149109616
149125424
149167877
149286509
149401284
149436478
149436049
149504651
149593097
149617421
149654281
149673346
149672843
149669036
149730706
149739107
149801691
149851240
149884423
149911899
149970280
149975095
149991258
150038489
150100347
150193034
150199182
150248807
150258959
150287288
150299420
150376080
150433121
150485655
150641227
150695285
150761185
150783901
150797489
150897390
150899904
150930703
150974956
151010572
151066682
151066559
151134314
151189860
151191047
151201725
151229431
151277588
151332067
151369103
151380210
151398719
151648234
151664899
151710863
151712208
151797923
151802321
151813182
151810916
151865497
151912605
152015095
152015135
152040620
152042888
152048284
152016990
152067067
152147978
152153655
152167977
152216064
152301035
152318863
152331414
152356585
152426702
152430141
152487453
152499194
152533055
152592859
152612059
152636481
152637895
152637978
152707094
152753495
152913067
153082020
153124900
153196885
153212260
153235319
153237925
153302949
153353554
153357128
153380443
153426649
153439787
153448531
153506870
153522492
153531855
153588089
153591381
153592297
153626948
153667588
153679104
153706843
153731586
153733710
153753948
153774909
153785716
153791464
153800777
153838790
153840934
153878873
153994121
154024749
154042354
154096828
154129054
154150446
154155968
154164264
154212735
154225698
154353404
154365661
154402090
154450541
154457627
154477260
154488508
154521614
154526749
154625111
154636279
154637218
154658912
154716590
154730320
154731221
154737642
154770434
154844826
154871953
154896946
154903532
154906909
154908946
154926301
154933093
154937626
154975352
155021972
155095959
155194013
155212956
155343305
155348662
155482320
155584697
155585095
155597836
155623429
155791612
155791018
155817155
155850336
155901897
156183287
156283315
156296852
156299040
156408675
156460984
156520864
156621731
156658860
156712400
156726881
156797940
156879291
157004885
157056392
157054691
157083298
157175685
157192171
157225602
157272706
157283308
157283507
157407123
157428196
157462507
157525400
157551018
157547878
157872247
158073940
158093044
158116419
158113030
158133454
158151327
158208710
158313648
158424029
158508707
158707738
158729057
158812690
158855528
159130486
159245486
159285512
159358888
159376007
159386589
159400104
159474984
159485848
159580865
159614012
159629652
159635252
159685378
159747032
159801995
159850409
159892985
159942060
160100176
160107704
160124576
160150227
160220862
160266714
160289810
160332307
160360964
160399362
160432651
160433902
160455360
160397072
160462662
160466675
160553361
160581452
160580353
160688762
160698636
160714301
160783829
160796178
160828592
160838026
160835191
160835416
160903378
160917878
160926002
160944582
160953301
160985423
161078676
161105878
161169048
161187600
161198205
161479122
161540943
161548430
161555900
161575842
161682065
161725184
161873211
161925261
161967932
162005667
162006595
162102492
162117598
162117610
162141308
162159219
162202240
162282622
162314725
162347469
162354233
162431566
162451525
162477140
162556750
162593390
162623923
162630683
162554880
162670563
162688675
162692471
162798590
162923123
162929790
162988033
163088903
163106414
163141091
163179448
163342628
163447767
163471886
163181058
163478081
163447066
163516027
163571381
163570830
163574400
163646850
163653924
163663595
163705009
163710921
163725063
163743669
163807025
163843549
163894291
163927946
163980316
163992663
164029935
164066609
164354331
164386746
164437539
164474808
164476079
164495666
164523090
164587166
164652802
164666111
164688111
164759870
164785526
164812388
164834533
164840613
164854060
164892464
164923107
164949267
165112126
165126164
165184148
165193967
165202099
165251148
165341459
165343296
165362466
165396766
165424116
165348390
165628042
165631526
165672740
165748841
165760870
165781545
165842540
165859027
165887711
165956538
166018676
166123185
166153492
166179267
166284188
166358598
166401772
166431193
166444748
166448869
166597203
166634582
166735735
166850744
166878759
166883781
166896779
166922658
166955054
166960851
166990007
167003872
167029203
167047366
167082253
167091634
167141805
167155752
167176731
167265002
167272874
167295856
167326619
167378988
167399918
167493634
167515883
167568465
167609668
167726941
167739991
167753780
167767328
167789701
167937058
167969125
167991633
168034215
168041339
168050969
168092229
168154574
168154982
168224193
168235525
168322435
168429039
168570216
168627010
168774584
168791876
168817618
168815657
168818414
168920166
168930427
169008869
169023778
169036724
169041124
169063360
169064611
169098494
169152491
169241865
169253915
169282029
169309455
169315047
169390336
169475234
169526970
169577156
169610324
169618451
169638290
169692990
169821367
169897558
169907385
169972876
169993017
170061687
170097280
170097946
170172668
170251825
170249756
170318812
170424941
170450791
170457926
170537713
170544516
170563484
170565014
170595512
170614655
170667456
170735693
170847084
170858583
170986147
171067695
171187780
171194934
171227066
171262015
171319059
171326239
171393626
171427419
171438175
171505357
171537937
171543467
171641351
171680262
171697732
171739988
171810880
171961662
171987554
172050242
172058700
172070660
172091435
172121406
172133508
172160433
172177081
172175645
172249241
172308098
172356839
172389689
172455798
172456401
172646988
172688344
172764769
172787909
172791648
172805958
172858873
172919417
172938204
172938249
172987872
173047757
173065492
173072591
173159154
173265216
173272496
173303762
173328550
173329854
173342431
173352716
173454929
173484684
173563728
173355804
173568241
173706831
173760617
173808381
173808003
173823326
173768408
173907462
173928272
174020026
174020213
174091151
174122967
174139296
174162176
174201758
174238633
174292405
174306636
174325178
174403692
174430490
174437511
174479534
174498514
174498540
174557466
174609990
174645011
174683347
174689654
174715266
174736862
174763521
174784472
174807528
174850265
174976506
175106396
175119576
175148233
175220677
175351836
175350893
175365101
175371207
175390768
175407870
175419860
175519099
175530856
175549413
175679825
175703295
175530943
175748484
175752637
175773867
175828322
175851100
175852690
175867913
175874870
175879585
175895592
175902501
175964001
176084208
176139663
176137352
176183338
176214868
176223302
176254331
176277772
176340653
176362300
176383868
176389980
176441334
176453595
176470345
176552350
176580644
176594600
176691684
176795582
176841162
176879531
176892609
176923163
176930576
176973773
177047086
177056976
177080080
177116820
177134593
177256846
177273735
177359105
177401212
177506255
177538570
177561073
177646926
177665680
177686348
177690808
177733071
177771895
177811502
177690809
177823951
177826488
177946702
177957644
177964151
177966340
178007439
178073111
178139833
178196458
178273523
178303666
178335345
178342398
178404258
178399271
178465452
178472835
178546019
178544511
178548321
178564922
178576371
178583569
178588688
178623795
178746798
178749102
178755450
178820363
179014686
179070176
179146861
178820452
179157128
179274103
179303212
179304425
179311184
179327577
179371151
179373570
179430924
179435036
179478404
179486382
179515437
179533099
179563717
179573279
179617150
179623261
179714398
179795522
179907711
179942267
179949394
180111407
180118664
180138425
180185223
180238782
180234679
180247581
180289802
180298710
180300267
180305744
180363680
180361053
180568521
180576083
180612902
180632878
180663602
180674437
180679847
180742807
180746924
180847401
180859030
180865069
180885900
180898330
180906474
180911370
180937244
180968925
181027469
181043996
181104443
180968162
181263137
181269419
181443725
181557332
181565852
181576078
181608882
181616462
181640169
181694604
181704975
181830944
181887464
181895717
181921591
181930635
181993305
182015703
182033135
182134388
182130874
182147564
182153862
182213340
182273309
182293014
182324452
182352140
182381338
182465928
182593471
182636750
182721110
182722786
182744823
7085
54100
78174
111604
128873
194486
324731
332943
335811
383165
521398
582234
620057
675755
940241
946887
977605
1046786
1058142
1063271
1061834
1084168
1189570
1219684
1266804
1282236
1309077
1311241
1310381
1316548
1374251
1394519
1431508
1439456
1448624
1483227
1508731
1545376
1563210
1596591
1613456
1623385
1642705
1651373
1658623
1714895
1734537
1833920
1869087
1907783
1924924
2046812
2087767
2124513
1923862
2198839
2206321
2205820
2363307
2386755
2413213
2409929
2425336
2547233
2550721
2564449
2573996
2608922
2616934
2630250
2810236
2877466
2887808
2900370
2903342
2929247
2930977
3013264
3085956
3154107
3213421
3228313
3294110
3480012
3606533
3605528
3622174
3692051
3702297
3803405
3974901
3981161
4069971
4083843
4119165
4154990
4202467
4329264
4350029
4461005
4466643
4526125
4603288
4727892
4771177
4817649
4836312
4840034
4878694
4925544
4939468
4946116
4989900
5091813
5182891
5185957
5258435
5295925
5315271
5319933
5345876
5486384
5493104
5549658
5564166
5650854
5760735
5770108
5816518
5656699
5887889
5901897
5968215
5992592
5996879
6107916
6171802
6182673
6200701
6371885
6501884
6533921
6583378
6588778
6602984
6610829
6655273
6673669
6708607
6712686
6933935
7092197
6709308
7123029
7186590
7210783
7206864
7229326
7188078
7279916
7300649
7338877
7384891
7382495
7544234
7570643
7591494
7591567
7594805
7621310
7639271
7638865
7706981
7766436
7782309
7831696
7843124
7853467
7858107
7864219
7878087
7905853
7970729
7985983
8028370
8036372
8060833
8097734
8156852
8224381
8273018
8394761
8485990
8500837
8570955
8609437
8625923
8836196
8862321
8886346
8972113
9017025
9052286
9137782
9153293
9172004
9191012
9192553
9200950
9247401
9271751
9286190
9412059
9444654
9477228
9487400
9488987
9501638
9518208
9525264
9576782
9501646
9577036
9685545
9683939
9749183
9776830
9813102
9849874
9966137
9982771
10064848
10069119
10102194
10146414
10183529
10206569
10332701
10338285
10425892
10429479
10437102
10456274
10461465
10477031
10523553
10563135
10577529
10661333
10670686
10689279
10723594
10660064
10753455
10765021
10764443
10806918
10841884
10850262
10877083
10937743
10954471
10979506
11013933
11044117
11074180
11096266
11161969
11200424
11227082
11230143
11276305
11301917
11328980
11351633
11375015
11519604
11545944
11584446
11612540
11663551
11673646
11720381
11757269
11771593
11844937
11844304
11864717
11909025
11918806
12004998
12027815
12063276
12135867
12148562
12162532
12191799
12294760
12365135
12381711
12470335
12512257
12520799
12547442
12553236
12621076
12648381
12647802
12682003
12685065
12712404
12737517
12743253
12745589
12824994
12874997
12904382
12912417
12936865
13032912
13120924
13144331
13200347
13238145
13253130
13278732
13369663
13401386
13433381
13489176
13497261
13522160
13591112
13615467
13660316
13756933
13766394
13810853
13866194
13873352
14020599
14076869
14117558
14115346
14142937
14171927
14233793
14291356
14438906
14445448
14523730
14566804
14575146
14580280
14586174
14596711
14648625
14660571
14735810
14752179
14815210
14832169
14873490
14894002
14935787
14992410
15035728
15056271
15068995
15140317
15136938
15152892
15178071
15293858
15369166
15383054
15403313
15413570
15456923
15455188
15476064
15486798
15519167
15564496
15668251
15775351
15806809
15835584
15929166
15971983
16166267
16200225
16234188
16322766
16341275
16341160
16400044
16418592
16486376
16509239
16545783
16587821
16613009
16622229
16620095
16630923
16767049
16765953
16805804
16802131
16850356
16848217
16862807
16936230
16953413
16958376
16981218
17057868
17061136
17105620
17144802
17206303
17305872
17371779
17391086
17405247
17464720
17493806
17510176
17597752
17614230
17617691
17624090
17671086
17682221
17686199
17723394
17794827
17808858
17821608
17860463
17794860
17860506
17888204
17915403
18023594
18044243
18064399
18062520
18095707
18094383
18121866
18151716
18154017
18170503
18190345
18193355
18213970
18235248
18250572
18299615
18214033
18322952
18367230
18462067
18491544
18495074
18542135
18583158
18584366
18652294
18678015
18687549
18726888
18726919
18734869
18736419
18810856
18876100
18923854
18963735
19019074
19029221
19041238
19052264
19234861
19279672
19313834
19407098
19410024
19541270
19552100
19569859
19623113
19626789
19824449
19834415
19865000
19879651
19884958
19897520
19932090
19939766
19960847
20001370
19937101
20102754
20143436
20150845
20197166
20235979
20381120
20389866
20401109
20577853
20735419
20772580
20781869
20819111
20948937
21010677
21163193
21228019
21291768
21427773
21498928
21511366
21553454
21589445
21603512
21616119
21709302
21792386
21793101
21827180
21890946
21921003
22006161
22014866
22034310
22057780
22062167
22139684
22170620
22192617
22193520
22207429
22236381
22259998
22298422
22308728
22316503
22323096
22331601
22340930
22340134
22413257
22453445
22488216
22616251
22703610
22788827
22797354
22798568
22803393
22863792
22898985
22905836
22906303
22909565
22953743
23129625
23146201
23215760
22953744
23347757
23447245
23450210
23509061
23513099
23522233
23546712
23557085
23561236
23676953
23798196
23813502
23848737
23911610
23920150
24009249
24057780
24065188
24099194
24133969
24142608
24177928
24250437
24250454
24301062
24311548
24394453
24434819
24480160
24500910
24500727
24502807
24527385
24576767
24588564
24629411
24629984
24643441
24662487
24686956
24726195
24728047
24759253
24813517
24817680
24865104
24907465
24943736
24961887
25056177
25089808
25124478
25140505
25166428
25214142
25237757
25315353
25378319
25411758
25535271
25537625
25563032
25566006
25576503
25619375
25662217
25721499
25741103
25761224
25845501
26021438
26032030
26086297
26160375
26184964
26211479
26207697
26227072
26336211
26211481
26345634
26420049
26503756
26523920
26565984
26420991
26581212
26589380
26650836
26668361
26687961
26767713
26817818
26838136
26878469
26887209
26972131
27048331
27059699
27064175
27112274
27129340
27158747
27198085
27269379
27284049
27330148
27358959
27382197
27401260
27435384
27495843
27570328
27581169
27635755
27660263
27704183
27709904
27789749
27792066
27793098
27871510
27987476
28013566
28034955
28047374
28059745
28077444
28089221
28106890
28141581
28153470
28186428
28199100
28228538
28271153
28282725
28313330
28338518
28345252
28280711
28343292
28411171
28411109
28416629
28449188
28474386
28486434
28506231
28525330
28636840
28651251
28682697
28686412
28686807
28729377
28765519
28777796
28826374
28885920
28936262
28954849
28965833
29099371
29120316
29153357
29175510
29191130
29191172
29243472
29246827
29344568
29356529
29363831
29567012
29589713
29703740
29778554
29884224
29889076
30003958
30088327
30089444
30136740
30187509
30213067
30254285
30265129
30273891
30301839
30316119
30352555
30455988
30470904
30489757
30542309
30603920
30612570
30639321
30690200
30697108
30881726
30640124
30884374
31034351
31071884
31079255
31113986
31125269
31144293
31156868
31234996
31256917
31258195
31259059
31312621
31334024
31341540
31352175
31357385
31439402
31442818
31462831
31471088
31508659
31564138
31647047
31726448
31745114
31834814
31846746
31904514
31945728
32050260
32071109
32113078
32134212
32194771
32230229
32250793
32271423
32346561
32358202
32460373
32494321
32503942
32549908
32598672
32605147
32624169
32631514
32678688
32690307
32756108
32809594
32878436
32915190
33011495
33044347
33090992
33174759
33212528
33224980
33247473
33245991
33263610
33290309
33292181
33341649
33388318
33420200
33496148
33496778
33530665
33560174
33615682
33626947
182776542
182915595
182950565
182967761
182977383
182992305
183008621
183012728
183171516
183207965
183240001
183253518
183275512
183286597
183346327
183363858
183386458
183392152
183445346
183555260
183584186
183806531
183821712
183867159
183983508
184026978
184057326
184067262
184146423
184230386
184341684
184412275
184477874
184494671
184527827
184572079
184568687
184573992
184636723
184739857
184799373
184820076
184844790
184866615
184925344
184931446
184941712
185022892
185051188
185063933
185096516
185112157
185114742
185183336
185202604
185208545
185282253
185303263
185365116
185384517
185402690
185438686