7164866593688483298
1957291518996486916
2147453985873204712
700465167555430920
2069034348424333812
6047715555475123187
-782925642814057827
-599945058451022954
-887547844775609623
4434744800536649629
-571498632323472541
-475926603943275524
4683622220779486411
6068836723973576050
2686756491152230359
-256200404629800274
4495676094166813113
7726083689273141415
-166367403730045554
6679077137472092942
-127097826920098429
6840695092965255578
-626776693712818806
-206956538573864384
-536139913289560763
2504364017133826870
-779898446966319596
6082242056771471461
-707775117462827830
-697821483852359635
7424316935047498970
8457123766890430266
6605499000421830138
-299618971004508186
-299486835574464169
-404962516848056458
5094917763982245214
-862098563044983827
-194200493101021590
-640058923320541401
3109604253134851140
148540106540452972
1093969895503894377
-776489708572748579
4989905738118765291
1218255019090465071
561056938582809223
2309873920155435222
-462178790336630107
-292492195944810627
3031651302688883124
5093714068833091600
-511625784344972537
-711714986445728909
-220174438119433819
-634794513894268908
-845723447078539266
-692881483616425082
-203745700828576402
5969814492287610900
1243229069754975173
-515855087062406790
-692156837689085420
-278854860079900995
4256592058220174612
1586839145255017311
3828071477358207960
5672914848360399445
-467183867889970482
388195497968302098
-402478149847237134
-380078537828006206
-653463608773707286
6796354000561938929
-604557529172347498
-524619362147373697
-549182266364972917
-111747639393822480
3162113785577381130
-159608305725967153
4244354805359589728
2991144810342685825
4107379101493020462
-884218534113421795
-575793709612702234
1103045981728030860
8609196045998875442
8507623236363975298
4695691839359584930
4263260009309636591
2983852325620438248
-454181564563813336
-904966314930988674
-468636290545638282
364965452301943737
-228018890210265424
1061452335132933266
-626797043359350276
531127427183394939
4430847664906874158