-2862599464634172965
-8151589318978907122
1093982485295621485
-8711528049062385577
-8357632951883679839
3868126849905945003
6449499115904064898
-252657421417356355
7800865361796920633
4673491241888189834
5032800322097622228
5320879098086714089
-3168588369662390544
-6720042237857058331
-315924726466616305
1286209317740946080
-7444932355444704455
-4974634601958966598
-4565242656924089968
-2018985000935286797
1754750745989657281
-4191591616165683589
8964835926146166097
-1301099321073346681
-4090141504092578729
2161873669772091235
-73914912813486381
5927722282036623080
4761141788993358393
4417743739717382748
-5313206391984877715
7299305020630879701
-1047089953394253208
-2441295756343230544
5776786552007654172
-9134256874435937727
4612555565330484936
1224974958466058970
3483576717804500262
-8980351953533653849
-5345832377203892396
-6583061662342989289
44115351931249055
2015298520687175731
-4928012182003011246
1347823690479628904
7957066994531507750
-5818865891289511406
-6038959141568526395
-9149248626681367684
-476471252631701074